startingdoor
0,0,0,90,0.15
wall
13,5,0,0,5
33,5,0,0,5
wall
-13,5,0,0,5
-33,5,0,0,5
//hallway
wall
10,5,10,90,5
10,5,20,90,5
10,5,30,90,5
-10,5,10,90,5
-10,5,20,90,5
-10,5,30,90,5
//closing room right
wall
29.8,5,-9.8,90,5
29.8,5,-19.8,90,5
29.8,5,-39.8,90,5
//closing room left
wall
-29.8,5,-9.8,90,5
-29.8,5,-19.8,90,5
-29.8,5,-39.8,90,5
door
0,0,-49.5,270,0.15
//horizontal wall with door right
wall
-13,5,-50,0,5
-33,5,-50,0,5
//horizontal wall with door left
wall
13,5,-50,0,5
33,5,-50,0,5
key
0,7,-35,90,0.55